Algo: Lottery

Name                     ArrivalTime       BurstTime     WaitingTime  TurnaroundTime    ResponseTime  CompletionTime         CPUUtil
P20                                0               2              19              21               0              21        1.904762
P1                                 1               1              57              58              57              59        0.952381
P16                                1               6              82              88               0              89        5.714286
P10                                2               8              89              97               0              99        7.619048
P9                                 4               8              91              99               2             103        7.619048
P15                                6              10              89              99               1             105        9.523809
P12                                7               1              66              67              66              74        0.952381
P2                                 9               3              36              39               4              48        2.857143
P13                                9               1              50              51              50              60        0.952381
P17                                9               1              87              88              87              97        0.952381
P6                                10               6              88              94               7             104        5.714286
P7                                10               8              83              91               1             101        7.619048
P8                                10               8              77              85              13              95        7.619048
P3                                12               2              78              80              36              92        1.904762
P18                               13               6              75              81              26              94        5.714286
P11                               15               5              76              81               3              96       4.7619047
P14                               16               8              69              77               5              93        7.619048
P5                                18               6              64              70              14              88        5.714286
P19                               18               6              76              82               6             100        5.714286
P4                                19               9              62              71               6              90        8.571429

Average Waiting TIme: 70.7
Average Turnaround time: 75.95
Average Response time: 19.2
CPUUtilTotal: 100.0
---------------------------