Algo: RoundRobin

Name                     ArrivalTime       BurstTime     WaitingTime  TurnaroundTime    ResponseTime  CompletionTime         CPUUtil
P20                                0               2               0               2               0               2        1.904762
P1                                 1               1               1               2               1               3        0.952381
P16                                1               6              58              64               2              65        5.714286
P10                                2               8              80              88               3              90        7.619048
P9                                 4               8              80              88               3              92        7.619048
P15                                6              10              88              98               3             104        9.523809
P12                                7               1               4               5               4              12        0.952381
P2                                 9               3              33              36               3              45        2.857143
P13                                9               1               5               6               5              15        0.952381
P17                                9               1               6               7               6              16        0.952381
P6                                10               6              57              63               6              73        5.714286
P7                                10               8              78              86               8              96        7.619048
P8                                10               8              80              88              10              98        7.619048
P3                                12               2              10              12              10              24        1.904762
P18                               13               6              60              66              11              79        5.714286
P11                               15               5              60              65              11              80       4.7619047
P14                               16               8              76              84              12             100        7.619048
P5                                18               6              60              66              12              84        5.714286
P19                               18               6              62              68              14              86        5.714286
P4                                19               9              77              86              15             105        8.571429

Average Waiting TIme: 48.75
Average Turnaround time: 54.0
Average Response time: 6.95
CPUUtilTotal: 99.04762
---------------------------